49.90000000 8.90000000
49.90000000 8.90001405
49.90000000 8.90002829
49.90000000 8.90004251
49.90000000 8.90005661
49.90000000 8.90007058
49.90000000 8.90008464
49.90000000 8.90009865
49.90000784 8.90010611
49.90001673 8.90010968
49.90002568 8.90011296
49.90003474 8.90011575
49.90004366 8.90011834
49.90005263 8.90012089
49.90006160 8.90012339
49.90007057 8.90012584
49.90007954 8.90012823
49.90008842 8.90013039
49.90008248 8.90014085
49.90007350 8.90014345
49.90006577 8.90013625
49.90005995 8.90012555
49.90005436 8.90011435
49.90004898 8.90010300
49.90004369 8.90009170
49.90003841 8.90008037
49.90003314 8.90006902
49.90002785 8.90005772
49.90002252 8.90004644
49.90001719 8.90003516
49.90001183 8.90002394
49.90000643 8.90001268
